h2 1-0 repeated time: 1
 [-1, -1, -1, 1, -1]
 [-1, -1, -1, -1, -1]
 [-1, -1, -1, -1, -1]
 [-1, -1, -1, -1, -1]
 [-1, -1, -1, 1, 1]
=======
h2 1-5 repeated time: 2
 [-1, -1, -1, 1, -1]
 [-1, -1, -1, -1, -1]
 [-1, -1, -1, -1, -1]
 [-1, -1, 1, -1, -1]
 [1, -1, -1, -1, -1]
=======
h2 1-10 repeated time: 3
 [-1, -1, -1, 1, -1]
 [-1, -1, -1, -1, -1]
 [-1, -1, -1, -1, -1]
 [-1, -1, 1, -1, -1]
 [-1, -1, -1, 1, -1]
=======
h2 1-15 repeated time: 4
 [-1, -1, -1, 1, -1]
 [-1, -1, -1, -1, -1]
 [1, -1, -1, -1, -1]
 [-1, -1, -1, -1, -1]
 [-1, -1, -1, 1, -1]
=======
h2 1-20 repeated time: 5
 [-1, -1, -1, 1, -1]
 [-1, -1, -1, -1, -1]
 [-1, -1, -1, -1, -1]
 [-1, -1, 1, -1, -1]
 [1, -1, -1, 1, -1]
=======
h2 1-25 repeated time: 6
 [-1, -1, -1, 1, -1]
 [-1, -1, -1, -1, -1]
 [1, -1, -1, -1, -1]
 [-1, -1, -1, 1, 1]
 [-1, -1, -1, 1, -1]
=======
h2 1-30 repeated time: 7
 [-1, -1, -1, 1, -1]
 [-1, -1, -1, -1, -1]
 [-1, -1, -1, -1, -1]
 [-1, -1, 1, -1, -1]
 [1, -1, -1, -1, -1]
=======
h2 1-35 repeated time: 8
 [-1, -1, -1, 1, -1]
 [-1, -1, -1, -1, -1]
 [-1, -1, -1, -1, -1]
 [-1, -1, -1, -1, -1]
 [1, -1, -1, 1, -1]
=======
h2 1-40 repeated time: 9
 [-1, -1, -1, 1, -1]
 [-1, -1, -1, -1, -1]
 [-1, -1, -1, -1, -1]
 [-1, -1, -1, -1, -1]
 [-1, -1, -1, 1, -1]
=======
h2 1-45 repeated time: 10
 [-1, -1, -1, 1, -1]
 [-1, -1, -1, -1, -1]
 [-1, -1, -1, -1, 1]
 [-1, -1, 1, -1, 1]
 [1, -1, -1, 1, 1]
=======
h2 2-0 repeated time: 1
 [-1, -1, -1, -1, -1]
 [-1, -1, 1, -1, -1]
 [-1, -1, -1, -1, -1]
 [-1, -1, -1, -1, -1]
 [-1, -1, -1, 1, -1]
=======
h2 2-5 repeated time: 2
 [-1, 1, -1, -1, -1]
 [-1, -1, 1, -1, -1]
 [-1, -1, -1, -1, -1]
 [-1, -1, -1, -1, -1]
 [-1, -1, -1, 1, -1]
=======
h2 2-10 repeated time: 3
 [-1, -1, -1, -1, -1]
 [-1, -1, -1, -1, -1]
 [-1, -1, -1, -1, -1]
 [-1, -1, -1, -1, -1]
 [-1, -1, -1, 1, -1]
=======
h2 2-15 repeated time: 4
 [-1, -1, -1, -1, -1]
 [-1, -1, 1, -1, -1]
 [-1, -1, -1, -1, -1]
 [-1, -1, -1, -1, 1]
 [-1, -1, -1, 1, -1]
=======
h2 2-20 repeated time: 5
 [-1, -1, -1, -1, -1]
 [-1, -1, -1, -1, 1]
 [-1, -1, -1, -1, -1]
 [-1, -1, -1, -1, 1]
 [-1, 1, -1, 1, -1]
=======
h2 2-25 repeated time: 6
 [-1, -1, -1, -1, -1]
 [-1, -1, 1, -1, -1]
 [-1, -1, -1, -1, -1]
 [-1, -1, -1, -1, -1]
 [-1, -1, -1, -1, -1]
=======
h2 2-30 repeated time: 7
 [-1, -1, -1, -1, -1]
 [-1, -1, -1, -1, -1]
 [-1, -1, -1, -1, -1]
 [-1, 1, -1, -1, -1]
 [-1, -1, -1, 1, 1]
=======
h2 2-35 repeated time: 8
 [-1, 1, -1, -1, -1]
 [-1, -1, -1, -1, -1]
 [-1, -1, -1, -1, -1]
 [-1, -1, -1, -1, 1]
 [-1, -1, -1, -1, -1]
=======
h2 2-40 repeated time: 9
 [-1, 1, -1, -1, -1]
 [-1, -1, -1, -1, -1]
 [-1, -1, -1, -1, 1]
 [-1, -1, -1, -1, -1]
 [-1, -1, -1, 1, 1]
=======
h2 2-45 repeated time: 10
 [-1, -1, -1, -1, -1]
 [-1, -1, -1, -1, -1]
 [-1, -1, -1, -1, -1]
 [-1, -1, -1, -1, 1]
 [-1, 1, -1, 1, -1]
=======
h2 3-0 repeated time: 1
 [-1, -1, -1, -1, 1]
 [-1, -1, -1, -1, 1]
 [-1, -1, -1, -1, 1]
 [-1, -1, -1, -1, -1]
 [-1, -1, -1, -1, -1]
=======
h2 3-5 repeated time: 2
 [-1, -1, -1, -1, 1]
 [-1, -1, -1, -1, 1]
 [-1, -1, -1, -1, -1]
 [-1, -1, -1, -1, -1]
 [-1, -1, -1, -1, -1]
=======
h2 3-10 repeated time: 3
 [-1, -1, -1, -1, 1]
 [-1, -1, -1, -1, 1]
 [-1, -1, -1, -1, -1]
 [-1, -1, -1, -1, -1]
 [-1, -1, -1, -1, -1]
=======
h2 3-15 repeated time: 4
 [-1, -1, -1, -1, 1]
 [-1, -1, -1, -1, 1]
 [-1, -1, -1, -1, 1]
 [-1, -1, -1, -1, -1]
 [-1, -1, -1, -1, -1]
=======
h2 3-20 repeated time: 5
 [-1, 1, -1, 1, 1]
 [-1, -1, -1, -1, 1]
 [-1, -1, -1, -1, 1]
 [-1, -1, -1, -1, 1]
 [-1, -1, -1, -1, -1]
=======
h2 3-25 repeated time: 6
 [-1, -1, -1, -1, 1]
 [-1, -1, -1, -1, 1]
 [-1, -1, -1, -1, 1]
 [-1, -1, -1, -1, -1]
 [-1, -1, -1, -1, -1]
=======
h2 3-30 repeated time: 7
 [-1, -1, -1, -1, 1]
 [-1, -1, -1, -1, 1]
 [-1, -1, -1, -1, -1]
 [-1, -1, -1, -1, 1]
 [-1, -1, 1, -1, -1]
=======
h2 3-35 repeated time: 8
 [-1, -1, -1, -1, 1]
 [-1, -1, -1, -1, 1]
 [-1, -1, -1, -1, 1]
 [-1, -1, -1, -1, -1]
 [-1, -1, -1, -1, -1]
=======
h2 3-40 repeated time: 9
 [-1, -1, -1, -1, 1]
 [-1, -1, -1, -1, 1]
 [-1, -1, -1, -1, -1]
 [-1, -1, -1, -1, -1]
 [-1, -1, -1, -1, -1]
=======
h2 3-45 repeated time: 10
 [-1, 1, -1, -1, 1]
 [-1, -1, -1, -1, 1]
 [-1, -1, -1, -1, 1]
 [-1, -1, -1, -1, -1]
 [-1, -1, 1, -1, -1]
=======
h2 4-0 repeated time: 1
 [1, -1, -1, 1, -1]
 [-1, -1, 1, -1, -1]
 [-1, -1, -1, 1, -1]
 [-1, -1, -1, -1, -1]
 [-1, -1, -1, -1, 1]
=======
h2 4-5 repeated time: 2
 [-1, -1, -1, 1, -1]
 [-1, -1, -1, -1, -1]
 [-1, -1, -1, -1, -1]
 [-1, -1, -1, -1, -1]
 [-1, -1, -1, -1, -1]
=======
h2 4-10 repeated time: 3
 [1, -1, -1, 1, -1]
 [-1, -1, 1, -1, -1]
 [-1, -1, -1, -1, -1]
 [-1, -1, -1, -1, -1]
 [-1, 1, -1, -1, -1]
=======
h2 4-15 repeated time: 4
 [-1, -1, -1, 1, -1]
 [-1, -1, -1, -1, -1]
 [-1, -1, -1, 1, -1]
 [-1, -1, -1, -1, -1]
 [-1, -1, -1, -1, -1]
=======
h2 4-20 repeated time: 5
 [-1, -1, -1, 1, -1]
 [-1, -1, 1, -1, -1]
 [-1, -1, -1, -1, -1]
 [-1, -1, -1, -1, 1]
 [-1, -1, -1, -1, -1]
=======
h2 4-25 repeated time: 6
 [-1, -1, -1, 1, 1]
 [-1, -1, 1, -1, -1]
 [-1, -1, -1, -1, -1]
 [-1, -1, -1, -1, -1]
 [-1, -1, -1, -1, 1]
=======
h2 4-30 repeated time: 7
 [-1, -1, -1, 1, 1]
 [-1, -1, -1, -1, -1]
 [-1, -1, -1, -1, -1]
 [-1, -1, -1, -1, -1]
 [-1, 1, -1, -1, -1]
=======
h2 4-35 repeated time: 8
 [-1, -1, -1, 1, -1]
 [-1, -1, -1, -1, -1]
 [-1, -1, -1, -1, -1]
 [-1, -1, -1, -1, -1]
 [-1, -1, -1, -1, -1]
=======
h2 4-40 repeated time: 9
 [-1, -1, -1, 1, -1]
 [-1, -1, -1, -1, -1]
 [-1, -1, -1, -1, -1]
 [-1, -1, -1, -1, -1]
 [-1, -1, -1, -1, -1]
=======
h2 4-45 repeated time: 10
 [-1, -1, -1, 1, -1]
 [-1, -1, -1, -1, -1]
 [-1, -1, -1, -1, -1]
 [-1, -1, -1, -1, -1]
 [-1, -1, -1, -1, -1]
=======