h2a 5-0 repeated time: 1
[-1, -1, -1, -1, -1]
[-1, -1, -1, -1, 0]
[-1, -1, -1, -1, -1]
[-1, -1, -1, -1, -1]
[-1, 3, -1, -1, -1]
=======
h2a 5-5 repeated time: 2
[-1, 2, -1, -1, -1]
[-1, -1, -1, -1, -1]
[-1, -1, -1, -1, -1]
[-1, -1, -1, -1, -1]
[-1, 3, -1, -1, -1]
=======
h2a 5-10 repeated time: 3
[-1, -1, -1, 0, -1]
[-1, -1, -1, 0, 0]
[-1, -1, -1, -1, -1]
[-1, -1, -1, -1, 2]
[-1, -1, -1, -1, -1]
=======
h2a 4-0 repeated time: 1
[-1, -1, -1, -1, -1]
[-1, 1, -1, 1, -1]
[-1, -1, -1, -1, -1]
[-1, 0, -1, -1, 0]
[2, -1, 1, -1, -1]
=======
h2a 4-5 repeated time: 2
[-1, 1, -1, -1, -1]
[-1, -1, -1, 1, 1]
[-1, -1, -1, -1, -1]
[-1, 1, -1, -1, -1]
[-1, -1, 2, -1, -1]
=======
h2a 4-10 repeated time: 3
[-1, -1, -1, -1, -1]
[-1, -1, -1, -1, -1]
[1, -1, -1, -1, -1]
[-1, -1, -1, -1, 0]
[-1, -1, -1, 1, -1]
=======
h2a 3-0 repeated time: 1
[-1, -1, -1, -1, -1]
[-1, -1, -1, -1, -1]
[3, -1, -1, -1, -1]
[-1, -1, -1, -1, -1]
[-1, 1, -1, -1, -1]
=======
h2a 3-5 repeated time: 2
[-1, -1, -1, -1, -1]
[-1, -1, -1, -1, 0]
[-1, -1, -1, -1, -1]
[-1, -1, -1, -1, -1]
[-1, -1, -1, -1, -1]
=======
h2a 3-10 repeated time: 3
[-1, -1, -1, -1, 3]
[-1, -1, -1, -1, -1]
[2, -1, -1, -1, -1]
[-1, -1, 0, 0, -1]
[-1, -1, -1, -1, -1]
=======
h2a 2-0 repeated time: 1
[-1, -1, -1, -1, -1]
[-1, -1, -1, -1, 3]
[1, -1, -1, -1, -1]
[-1, -1, -1, -1, -1]
[-1, -1, -1, -1, -1]
=======
h2a 2-5 repeated time: 2
[-1, -1, -1, -1, -1]
[-1, -1, -1, -1, 2]
[2, -1, -1, -1, -1]
[-1, -1, -1, -1, -1]
[-1, -1, -1, -1, -1]
=======
h2a 2-10 repeated time: 3
[-1, -1, 2, 2, -1]
[-1, -1, -1, -1, 0]
[-1, -1, -1, -1, -1]
[-1, -1, -1, -1, -1]
[-1, -1, -1, -1, -1]
=======
h2a 1-0 repeated time: 1
[-1, -1, -1, -1, -1]
[-1, -1, -1, -1, -1]
[-1, -1, -1, -1, -1]
[-1, -1, -1, -1, -1]
[-1, -1, -1, -1, -1]
=======
h2a 1-5 repeated time: 2
[-1, -1, -1, 2, -1]
[-1, -1, -1, 2, -1]
[1, -1, -1, -1, -1]
[-1, -1, -1, 1, -1]
[-1, -1, -1, -1, -1]
=======
h2a 1-10 repeated time: 3
[-1, -1, -1, -1, -1]
[-1, -1, -1, -1, -1]
[-1, -1, -1, -1, -1]
[-1, 0, -1, -1, -1]
[-1, -1, -1, -1, -1]
=======