h3 0-0 repeated time: 1
[-1, -1, -1, -1, -1]
[-1, -1, -1, -1, -1]
[-1, -1, -1, -1, -1]
[-1, -1, -1, -1, -1]
[-1, -1, -1, 2, -1]
=======
h3 0-5 repeated time: 2
[2, -1, -1, -1, -1]
[-1, -1, -1, -1, -1]
[-1, -1, -1, -1, 3]
[-1, -1, -1, -1, -1]
[-1, -1, -1, 1, -1]
=======
h3 0-10 repeated time: 3
[-1, -1, -1, -1, -1]
[2, -1, -1, -1, -1]
[-1, -1, -1, -1, -1]
[3, -1, -1, -1, -1]
[-1, -1, -1, -1, -1]
=======
h3 1-0 repeated time: 1
h3 1-0 repeated time: 1
[-1, -1, -1, -1, -1]
[-1, -1, -1, -1, -1]
[-1, -1, -1, -1, -1]
[-1, -1, -1, -1, -1]
[-1, -1, -1, 0, -1]
=======
h3 1-5 repeated time: 2
[-1, -1, -1, -1, -1]
[-1, -1, -1, -1, -1]
[-1, -1, -1, -1, -1]
[-1, -1, -1, -1, -1]
[-1, -1, -1, -1, -1]
=======
h3 1-10 repeated time: 3
[-1, -1, -1, -1, -1]
[-1, -1, -1, -1, -1]
[-1, -1, -1, -1, -1]
[-1, -1, -1, -1, -1]
[-1, -1, -1, -1, -1]
=======
h3 2-0 repeated time: 1
[-1, 0, -1, 0, -1]
[-1, -1, -1, -1, -1]
[-1, -1, -1, -1, -1]
[3, -1, -1, -1, -1]
[-1, -1, -1, -1, -1]
=======
h3 2-5 repeated time: 2
[-1, -1, -1, 2, -1]
[1, -1, -1, -1, -1]
[-1, -1, -1, -1, -1]
[-1, -1, -1, -1, -1]
[-1, -1, -1, -1, -1]
=======
h3 2-10 repeated time: 3
[-1, -1, -1, 2, -1]
[-1, -1, -1, -1, -1]
[-1, -1, -1, -1, -1]
[-1, -1, -1, -1, -1]
[-1, -1, -1, -1, -1]
=======
h3 3-0 repeated time: 1
[0, -1, -1, -1, -1]
[-1, -1, -1, -1, -1]
[-1, -1, -1, 2, -1]
[-1, -1, -1, -1, -1]
[-1, -1, -1, 0, -1]
=======
h3 3-5 repeated time: 2
[-1, -1, -1, -1, -1]
[-1, -1, -1, -1, -1]
[-1, 1, -1, -1, -1]
[2, -1, -1, -1, -1]
[-1, -1, -1, -1, -1]
=======
h3 3-10 repeated time: 3
[-1, -1, -1, -1, -1]
[-1, -1, -1, -1, -1]
[-1, -1, -1, -1, -1]
[-1, -1, -1, -1, -1]
[-1, -1, -1, -1, -1]
=======
h3 4-0 repeated time: 1
[-1, -1, -1, -1, -1]
[-1, -1, -1, -1, -1]
[-1, -1, -1, -1, -1]
[-1, -1, -1, -1, -1]
[-1, -1, -1, -1, -1]
=======
h3 4-5 repeated time: 2
[2, -1, -1, -1, -1]
[-1, -1, -1, -1, -1]
[-1, -1, -1, -1, -1]
[-1, -1, 2, -1, -1]
[-1, -1, -1, -1, -1]
=======
h3 4-10 repeated time: 3
[-1, -1, -1, 2, -1]
[-1, -1, -1, -1, -1]
[-1, -1, -1, -1, -1]
[-1, -1, -1, -1, -1]
[-1, -1, -1, -1, -1]
=======
h3 5-0 repeated time: 1
[-1, -1, -1, -1, -1]
[-1, -1, -1, -1, -1]
[-1, -1, -1, 1, -1]
[-1, -1, -1, -1, -1]
[-1, -1, -1, -1, -1]
=======
h3 5-5 repeated time: 2
[-1, -1, -1, -1, -1]
[1, -1, -1, -1, -1]
[-1, -1, -1, 0, -1]
[-1, -1, -1, -1, -1]
[-1, -1, -1, 0, -1]
=======
h3 5-10 repeated time: 3
[3, -1, -1, -1, -1]
[-1, -1, -1, -1, -1]
[-1, -1, -1, -1, -1]
[-1, -1, -1, -1, -1]
[-1, -1, -1, 0, -1]
=======
h3 6-0 repeated time: 1
[-1, -1, -1, -1, -1]
[-1, -1, -1, -1, -1]
[-1, -1, -1, 2, -1]
[-1, -1, -1, -1, -1]
[-1, -1, -1, 1, -1]
=======
h3 6-5 repeated time: 2
[-1, -1, -1, -1, -1]
[-1, -1, -1, -1, -1]
[-1, -1, -1, -1, -1]
[-1, -1, -1, -1, -1]
[-1, -1, -1, -1, -1]
=======
h3 6-10 repeated time: 3
[-1, -1, -1, -1, -1]
[-1, -1, -1, -1, -1]
[-1, -1, -1, -1, -1]
[-1, -1, -1, -1, -1]
[-1, -1, -1, -1, -1]
=======
h3 7-0 repeated time: 1
[-1, -1, -1, -1, -1]
[-1, -1, -1, -1, -1]
[-1, -1, -1, -1, -1]
[-1, -1, -1, -1, -1]
[-1, -1, -1, -1, -1]
=======
h3 7-5 repeated time: 2
[-1, -1, -1, 3, -1]
[-1, -1, -1, -1, -1]
[-1, -1, -1, -1, -1]
[-1, -1, -1, -1, -1]
[-1, -1, -1, -1, -1]
=======
h3 7-10 repeated time: 3
[-1, -1, -1, -1, -1]
[-1, -1, -1, -1, -1]
[-1, -1, -1, -1, -1]
[-1, -1, -1, -1, -1]
[-1, -1, -1, -1, -1]
=======
h3 8-0 repeated time: 1
[-1, -1, -1, -1, -1]
[2, -1, -1, -1, -1]
[-1, -1, -1, -1, -1]
[3, -1, -1, -1, -1]
[-1, -1, -1, -1, -1]
=======
h3 8-5 repeated time: 2
[2, -1, -1, -1, -1]
[-1, -1, -1, -1, -1]
[-1, -1, -1, -1, -1]
[2, -1, -1, -1, -1]
[-1, -1, -1, -1, -1]
=======
h3 8-10 repeated time: 3
[-1, -1, -1, -1, -1]
[2, -1, -1, -1, -1]
[-1, -1, -1, -1, -1]
[-1, -1, -1, -1, -1]
[-1, -1, -1, -1, -1]
=======
h3 9-0 repeated time: 1
[1, -1, -1, -1, -1]
[-1, -1, -1, -1, -1]
[-1, -1, -1, -1, -1]
[0, -1, -1, -1, -1]
[-1, -1, -1, -1, -1]
=======
h3 9-5 repeated time: 2
[-1, -1, -1, 3, -1]
[-1, -1, -1, -1, -1]
[-1, -1, -1, -1, -1]
[-1, -1, -1, -1, -1]
[-1, -1, -1, -1, -1]
=======
h3 9-10 repeated time: 3
[-1, -1, -1, -1, -1]
[-1, -1, -1, -1, -1]
[-1, -1, -1, -1, -1]
[-1, -1, -1, -1, -1]
[-1, -1, -1, -1, -1]
=======
h3 10-0 repeated time: 1
[-1, -1, -1, -1, -1]
[-1, -1, -1, -1, -1]
[-1, -1, -1, -1, -1]
[-1, -1, -1, -1, -1]
[-1, -1, -1, -1, -1]
=======
h3 10-5 repeated time: 2
[-1, -1, -1, -1, -1]
[-1, -1, -1, -1, -1]
[-1, -1, -1, -1, -1]
[-1, -1, -1, -1, -1]
[-1, -1, -1, 2, -1]
=======
h3 10-10 repeated time: 3
[-1, -1, -1, -1, -1]
[3, -1, -1, -1, -1]
[-1, -1, -1, -1, -1]
[-1, 1, -1, -1, -1]
[-1, -1, -1, -1, -1]
=======