
h2 4-0 repeated time: 1
 [1, 1, -1, 1, 1]
 [1, 1, 1, 2, -1]
 [1, -1, 1, 1, 1]
 [1, 1, -1, 1, 0]
 [1, 1, 1, 1, 0]
=======
h2 4-5 repeated time: 2
 [1, 1, -1, 1, 1]
 [1, 1, 1, 0, -1]
 [0, 2, 0, 1, 1]
 [1, 1, 2, 1, 0]    
 [1, 2, 1, 1, 1]
=======
h2 4-10 repeated time: 3
 [1, 1, -1, 1, 1]
 [1, 1, 1, 1, -1]
 [2, -1, 1, 1, 1]
 [1, 0, -1, 1, 0]
 [1, 1, 1, 1, 1]
=======
h2 4-15 repeated time: 4
 [1, 1, 2, 1, 1]
 [1, 2, 1, 2, -1]
 [1, 1, 0, 1, 1]
 [1, 2, 1, 1, 0]
 [1, 1, 1, 1, 1]
=======
h2 4-20 repeated time: 5
 [0, 0, -1, 1, 1]
 [1, 1, 1, 1, -1]
 [1, -1, 1, 1, 1]
 [1, 1, 1, 1, 0]
 [1, 1, 1, 1, 1]
=======
h2 4-25 repeated time: 6
 [1, 1, -1, 2, 1]
 [1, 1, 1, 1, -1]
 [1, -1, 1, 1, 1]
 [2, 2, 3, 2, 0]
 [1, 1, 1, 1, 1]
=======
h2 4-30 repeated time: 7
 [1, 1, -1, 1, 1]
 [1, 1, 1, 1, -1]
 [1, -1, 2, 1, 1]
 [1, 1, -1, 1, 0]
 [1, 1, 1, 1, 1]
=======
h2 4-35 repeated time: 8
 [1, 1, 1, 1, 1]
 [1, 1, 1, 1, -1]
 [1, 1, 0, 0, 1]
 [3, 1, 3, 1, 0]
 [1, 1, 1, 1, 1]
=======
h2 4-40 repeated time: 9
 [0, 1, 1, 1, 1]
 [1, 1, 1, 1, -1]
 [1, 3, 1, 1, 1]
 [-1, 1, 3, 1, 1]
 [1, 1, 1, 1, 1]
=======
h2 4-45 repeated time: 10
 [1, 2, 1, 1, 1]
 [1, 1, 1, 1, -1]
 [1, -1, 1, 1, 1]
 [1, 1, 1, 1, 0]
 [1, 1, 1, 1, 1]
=======
h2 4-0 repeated time: 1
 [0, 0, 1, 1, 1]
 [3, 1, 1, -1, 1]
 [1, -1, 1, 1, 2]
 [2, -1, 1, -1, 1]
 [1, 0, 1, 1, 1]
=======
h2 4-5 repeated time: 2
 [1, 0, 1, 1, 1]
 [1, 2, 2, 1, 1]
 [1, 1, 1, 0, 1]
 [2, -1, 1, -1, 1]
 [1, 0, 1, 1, 1]
=======
h2 4-10 repeated time: 3
 [1, 0, 1, 1, 1]
 [1, 1, 1, 1, 1]
 [1, 1, 1, 3, 1]
 [1, -1, 1, -1, 1]
 [1, 0, 1, 1, 2]
=======
h2 4-15 repeated time: 4
 [1, 1, 1, 1, 1]
 [1, 1, 1, 2, 1]
 [1, 1, 1, 0, 1]
 [1, 3, 0, -1, 1]
 [1, 0, 1, 1, 2]
=======
h2 4-20 repeated time: 5
 [1, 0, 1, 1, 1]
 [1, 1, 0, 1, 1]
 [2, -1, 1, 3, 1]
 [1, -1, 1, -1, 1]
 [1, 0, 1, 1, -1]
=======
h2 4-25 repeated time: 6
 [1, 0, 1, 1, 1]
 [2, 1, 1, -1, 1]
 [2, 3, 1, 2, 2]
 [3, 1, 1, -1, 1]
 [1, 0, 1, 1, 1]
=======
h2 4-30 repeated time: 7
 [1, 0, 1, 1, 1]
 [1, 1, 1, -1, 1]
 [1, 1, 1, 2, 1]
 [1, 1, 1, -1, 1]
 [1, 0, 1, 1, 1]
=======
h2 4-35 repeated time: 8
 [1, 0, 1, 1, 0]
 [1, 1, 1, -1, 1]
 [2, -1, 1, 1, 1]
 [1, -1, 1, -1, 1]
 [2, 0, 1, 1, 3]
=======
h2 4-40 repeated time: 9
 [1, 0, 1, 2, 1]
 [1, 2, 1, 1, 1]
 [2, 1, 1, 3, 1]
 [1, -1, 1, -1, 1]
 [1, 0, 1, 1, 3]
=======
h2 4-45 repeated time: 10
 [1, 0, 1, 1, 1]
 [1, 1, 1, 1, 1]
 [2, -1, 1, 3, 1]
 [1, -1, 1, -1, 1]
 [1, 0, 1, 1, 1]
=======
h2 4-0 repeated time: 1
 [1, 0, 1, 1, 1]
 [1, 2, 0, 1, 1]
 [1, 1, -1, 1, 1]
 [1, 1, 1, -1, 1]
 [1, 0, -1, 1, 1]
=======
h2 4-5 repeated time: 2
 [-1, 0, 1, 1, 1]
 [2, -1, 1, 1, 1]
 [2, 1, -1, 1, 2]
 [1, 1, -1, -1, 1]
 [0, 1, -1, 1, 1]
=======
h2 4-10 repeated time: 3
 [-1, 1, 1, 1, 1]
 [1, -1, 0, 1, 1]
 [2, 1, -1, 1, 2]
 [1, 2, 1, -1, 1]
 [1, 1, -1, 1, 1]
=======
h2 4-15 repeated time: 4
 [2, 1, 1, 1, 1]
 [1, -1, 1, 1, 1]
 [1, 1, 3, 1, -1]
 [1, 1, -1, -1, 1]
 [0, 0, -1, 2, 1]
=======
h2 4-20 repeated time: 5
 [0, 0, 1, 1, 1]
 [1, -1, 1, 1, 1]
 [2, 1, 1, 1, 0]
 [1, 2, 1, -1, 1]
 [1, 0, -1, 1, 1]
=======
h2 4-25 repeated time: 6
 [3, 0, 1, 1, 1]
 [1, 1, 1, 1, 1]
 [1, 1, 3, 1, 2]
 [1, 1, -1, -1, 1]
 [1, 0, -1, 1, 1]
=======
h2 4-30 repeated time: 7
 [1, 1, 1, 1, 1]
 [1, -1, 1, 1, 1]
 [1, 1, -1, 1, 1]
 [1, 1, -1, -1, 1]
 [1, 0, -1, 1, 1]
=======
h2 4-35 repeated time: 8
 [3, 1, 1, 1, 1]
 [1, -1, 1, 1, 1]
 [1, 2, 1, 1, -1]
 [1, -1, 2, -1, 1]
 [1, 0, -1, 1, 1]
=======
h2 4-40 repeated time: 9
 [2, 0, 1, 1, 1]
 [1, -1, 1, 1, 1]
 [1, 1, -1, 1, 1]
 [1, 1, -1, -1, 1]
 [1, 1, -1, 1, 1]
=======
h2 4-45 repeated time: 10
 [1, 1, 1, 1, 1]
 [2, -1, 1, 1, 1]
 [2, 1, -1, 1, 1]
 [1, 2, -1, -1, 1]
 [1, 0, -1, 1, 1]
=======
h2 4-0 repeated time: 1
 [1, -1, 1, 1, 1]
 [1, 2, 3, 1, 2]
 [1, 1, 0, -1, 1]
 [2, 1, 1, 1, 0]
 [1, 1, 2, 1, 1]
=======
h2 4-5 repeated time: 2
 [0, 2, 1, 1, 1]
 [1, 1, 1, 1, -1]
 [1, 1, 1, -1, 1]
 [1, 1, 1, 1, 0]
 [1, 1, 1, 1, 1]
=======
h2 4-10 repeated time: 3
 [1, -1, 1, 1, 1]
 [1, 1, 1, 1, -1]
 [1, 1, 0, -1, 1]
 [1, 1, 1, 1, 0]
 [1, 1, 3, 1, 1]
=======
h2 4-15 repeated time: 4
 [0, 1, 1, 1, 1]
 [0, 1, 1, 1, 1]
 [1, 1, 0, -1, 1]
 [1, 1, 1, 1, 1]
 [1, 1, -1, 1, 1]
=======
h2 4-20 repeated time: 5
 [0, 1, 1, 1, 1]
 [2, 1, -1, 1, -1]
 [1, 1, 0, -1, 1]
 [1, 0, 1, 1, 1]
 [1, 1, 1, 1, 1]
=======
h2 4-25 repeated time: 6
 [1, 2, 1, 1, 1]
 [3, 1, -1, 1, 3]
 [1, 1, 1, -1, 1]
 [1, 0, 1, 1, 0]
 [1, 1, -1, 1, 1]
=======
h2 4-30 repeated time: 7
 [0, 2, 1, 1, 1]
 [1, 2, -1, 1, -1]
 [1, 1, 1, -1, 1]
 [2, 0, 1, 1, 0]
 [0, 1, 2, 1, 1]
=======
h2 4-35 repeated time: 8
 [1, 0, 1, 1, 1]
 [-1, 1, -1, 1, -1]
 [1, 1, 1, -1, 1]
 [1, 1, 1, 1, 1]
 [1, 1, 3, 1, 1]
=======
h2 4-40 repeated time: 9
 [1, 1, 1, 1, 1]
 [-1, 2, -1, 1, -1]
 [1, 1, 1, -1, 1]
 [1, 1, 1, 1, 0]
 [0, 1, 1, 1, 1]
=======
h2 4-45 repeated time: 10
 [1, 1, 1, 1, 1]
 [1, 1, 2, 1, 1]
 [1, 1, 1, -1, 1]
 [1, 1, 1, 1, 1]
 [0, 1, 1, 1, 1]
=======




