h2a 5-Scenario repeat 1
[1, 0, 1, 0, 1]
[1, 0, 1, 0, 1]
[1, 1, -1, 0, 1]
[0, 0, 1, 0, 1]
[1, 0, 1, 0, 1]
=======
h2a 5-Scenario repeat 2
[1, 0, 1, 0, 1]
[1, 0, 1, 0, 1]
[1, 1, -1, 0, 1]
[0, 0, 1, 0, 1]
[1, 0, 1, 0, 1]
=======
h2a 5-Scenario repeat 3
[1, 0, 1, 0, 1]
[1, 0, 1, 0, 1]
[1, 1, 3, 0, 1]
[0, 0, 1, 0, 1]
[0, 0, 1, 0, 1]
=======
h2a 4-Scenario repeat 1
[1, 1, 1, 0, 1]
[1, 1, 1, 0, 1]
[1, 1, 1, 0, 1]
[1, 0, 1, 0, 1]
[0, 0, 1, 0, 1]
=======
h2a 4-Scenario repeat 2
[1, 0, 1, 1, 1]
[1, 0, 1, 0, 1]
[1, 1, -1, 0, 1]
[1, 0, 1, 1, 1]
[1, 0, 1, 0, 1]
=======
h2a 4-Scenario repeat 3
[1, 0, 1, 0, 1]
[1, 0, 1, 0, 1]
[1, 1, -1, 0, 1]
[1, 0, 1, 0, 1]
[1, 0, 1, 0, 1]
=======
h2a 3-Scenario repeat 1
[0, 0, 1, 0, 1]
[1, 0, 1, 0, 1]
[1, 1, 1, 0, 1]
[0, 0, 1, 0, 1]
[0, 0, 1, 0, 1]
=======
h2a 3-Scenario repeat 2
[0, 1, 1, 0, 1]
[1, 0, 1, 0, 1]
[1, 1, 1, 0, 1]
[0, 0, 1, 0, 1]
[0, 0, 1, 0, 1]
=======
h2a 3-Scenario repeat 3
[0, 0, 1, 0, 1]
[1, 0, 1, 0, 1]
[1, 1, 1, 0, 1]
[0, 0, 1, 0, 1]
[0, 0, 1, 0, 1]
=======
h2a 2-Scenario repeat 1
[1, 0, 1, 0, 1]
[1, 0, 1, 0, 1]
[1, 1, 2, 0, 1]
[1, 0, 1, 0, 1]
[0, 0, 1, 0, 1]
=======
h2a 2-Scenario repeat 2
[0, 0, 1, 0, 1]
[1, 0, 1, 0, 1]
[1, 1, 1, 0, 1]
[1, 0, 1, 0, 1]
[0, 0, 1, 0, 1]
=======
h2a 2-Scenario repeat 3
[1, 0, 1, 0, 1]
[1, 0, 1, 0, 1]
[1, 1, 2, 0, 1]
[1, 0, 1, 0, 1]
[1, 0, 1, 0, 1]
=======
h2a 1-Scenario repeat 1
[1, 1, 1, 0, 1]
[1, 1, 1, 0, 1]
[1, 1, 1, 1, 1]
[1, 1, 1, 1, 1]
[1, 1, 1, 1, 1]
=======
h2a 1-Scenario repeat 2
[1, 0, 1, 0, 1]
[1, 1, 1, 0, 1]
[1, 1, 1, 1, 1]
[1, 1, 1, 0, 1]
[1, 0, 1, 0, 1]
=======
h2a 1-Scenario repeat 3
[1, 1, 1, 1, 1]
[1, 1, 1, 1, 1]
[1, 1, 1, 1, 1]
[1, 1, 1, 1, 1]
[1, 1, 1, 1, 1]
=======