h3 0-0 repeated time: 1
h3 0-Scenario repeat 1
 [1, 1, 2, 1, 0]
 [1, 1, 1, -1, 1]
 [-1, 1, -1, 1, 0]
 [1, 1, 1, 3, 1]
 [-1, 1, 1, 1, 1]
=======
h3 0-Scenario repeat 2
 [1, 1, 2, 1, 0]
 [1, 1, 1, 1, 1]
 [1, 1, 2, 1, 0]
 [1, 1, 1, 2, 1]
 [-1, 1, 2, 1, 1]
=======
h3 0-Scenario repeat 3
 [1, 1, 2, 1, 0]
 [1, 1, 1, 1, 1]
 [1, 1, 2, 1, 0]
 [1, 1, 1, 2, 1]
 [-1, 1, 1, 1, 1]
=======

h3 1-Scenario repeat 1
 [1, 1, 1, 1, 0]
 [1, 1, 1, 2, 1]
 [1, 1, 3, 1, 0]
 [1, 0, 1, 2, 1]
 [-1, 2, -1, 1, 1]
=======
h3 1-Scenario repeat 2
 [1, 2, 1, 1, 0]
 [1, 1, 1, 1, 1]
 [2, 1, 1, 1, 0]
 [1, 0, 1, 1, 1]
 [1, 1, 2, 1, 1]
=======
h3 1-Scenario repeat 3
 [1, 1, 1, 1, 0]
 [1, 1, 1, 1, 1]
 [2, 0, 1, 1, 0]
 [1, 1, 2, 1, 1]
 [2, 2, 3, 1, 1]
=======
h3 2-Scenario repeat 1
 [1, 1, 1, 1, 0]
 [1, 1, 1, 1, 1]
 [2, 1, 1, 1, 0]
 [1, 1, 1, 1, 1]
 [-1, 1, 1, 1, 1]
=======
h3 2-Scenario repeat 2
 [1, 1, 1, 1, 0]
 [1, 2, 1, 1, 1]
 [2, 1, 1, 1, 0]
 [1, 1, 1, 1, 1]
 [3, 1, 0, 1, 1]
=======
h3 2-Scenario repeat 3
 [1, 1, 1, 1, 0]
 [1, 1, 1, 2, 1]
 [-1, 1, 1, 1, 0]
 [1, 1, 0, 1, 1]
 [-1, 1, 1, 1, 1]
=======
h3 3-Scenario repeat 1
 [1, 1, 2, 1, 0]
 [1, 1, 1, 3, 1]
 [1, 2, 1, 1, 0]
 [1, 1, 1, 1, 1]
 [2, 2, 2, 1, 1]
=======
h3 3-Scenario repeat 2
 [1, 1, 2, 1, 0]
 [1, 1, 1, 1, 1]
 [1, 2, 1, 1, 0]
 [1, 1, 1, 1, 1]
 [2, 1, 2, 1, 1]
=======
h3 3-Scenario repeat 3
 [1, 1, 1, 1, 0]
 [1, 1, 0, 1, 1]
 [1, 0, 1, 1, 0]
 [1, 1, 1, 1, 1]
 [3, 0, 2, 1, 1]
=======
h3 4-Scenario repeat 1
 [1, 1, 1, 1, 0]
 [1, 1, 1, 1, 1]
 [-1, 1, 1, 1, 0]
 [1, 1, 2, 3, 1]
 [1, 1, 1, 1, 1]
=======
h3 4-Scenario repeat 2
 [1, 1, 2, 1, 0]
 [1, 1, 1, 1, 1]
 [1, 2, 1, 1, 0]
 [1, 1, 0, 1, 1]
 [1, 1, 1, 1, 1]
=======
h3 4-Scenario repeat 3
 [1, 1, 1, 1, 0]
 [1, 1, 1, 1, 1]
 [-1, 1, 1, 1, 0]
 [1, 1, 1, 1, 1]
 [3, 2, 2, 1, 1]
=======
h3 5-Scenario repeat 1
 [1, 1, -1, 1, 0]
 [1, 1, 1, 1, 1]
 [-1, 1, 1, 1, 0]
 [1, 1, 1, 1, 1]
 [2, 1, 1, 1, 1]
=======
h3 5-Scenario repeat 2
 [1, 1, -1, 1, 0]
 [1, 1, 1, 1, 1]
 [1, 1, 1, 1, 0]
 [1, 1, 2, 2, 1]
 [2, 1, 1, 1, 1]
=======
h3 5-Scenario repeat 3
 [1, 3, 1, 1, 0]
 [1, 1, 1, 1, 1]
 [2, 2, 1, 1, 0]
 [1, 1, 1, 1, 1]
 [1, 1, 1, 1, 1]
=======
h3 6-Scenario repeat 1
 [1, 1, 1, 1, 0]
 [1, 1, 1, 1, 1]
 [2, 1, 1, 1, 0]
 [1, 2, 1, 1, 1]
 [1, 1, 1, 1, 1]
=======
h3 6-Scenario repeat 2
 [1, 1, 1, 1, 0]
 [1, 1, 1, 1, 1]
 [-1, 1, 2, 1, 0]
 [1, 1, 1, 2, 1]
 [-1, 1, 1, 1, 1]
=======
h3 6-Scenario repeat 3
 [1, 1, 1, 1, 0]
 [1, 1, 1, 1, 1]
 [1, 1, 1, 1, 0]
 [1, 1, 1, 1, 1]
 [2, 1, 1, 1, 1]
=======
h3 7-Scenario repeat 1
 [1, 1, 1, 1, 0]
 [1, 1, 1, 1, 1]
 [2, 1, 1, 1, 0]
 [1, 1, 1, 1, 1]
 [1, 1, 1, 1, 1]
=======
h3 7-Scenario repeat 2
 [1, 1, 1, 1, 0]
 [1, 1, 1, 1, 1]
 [-1, 1, 1, 1, 0]
 [1, 1, 1, 1, 1]
 [1, 1, 1, 1, 1]
=======
h3 7-Scenario repeat 3
 [1, 1, 1, 1, 0]
 [1, 1, 1, 2, 1]
 [2, 1, 1, 1, 0]
 [1, 1, 1, 1, 1]
 [2, 1, 1, 1, 1]
=======
h3 8-Scenario repeat 1
 [1, 1, 1, 1, 0]
 [1, 1, 1, 1, 1]
 [2, 1, 1, 1, 0]
 [1, 1, 1, 1, 1]
 [1, 1, 3, 1, 1]
=======
h3 8-Scenario repeat 2
 [1, 1, 1, 1, 0]
 [1, 1, 0, 1, 1]
 [-1, 0, 0, 1, 0]
 [1, 1, 1, 3, 1]
 [3, 1, 1, 1, 1]
=======
h3 8-Scenario repeat 3
 [1, 0, 1, 1, 0]
 [1, 0, 0, 3, 1]
 [1, 2, 0, 1, 0]
 [1, 0, 2, 1, 1]
 [2, 1, 1, 1, 1]
=======
h3 9-Scenario repeat 1
 [1, 0, 3, 0, 0]
 [1, 1, 0, 1, 1]
 [3, 0, 2, 1, 0]
 [1, 1, 0, 1, 1]
 [-1, 0, 1, 1, 1]
=======
h3 9-Scenario repeat 2
 [1, 0, 2, 1, 0]
 [1, 1, 0, 2, 1]
 [3, 0, 1, 1, 0]
 [1, 1, 0, 3, 1]
 [-1, 0, 1, 1, 1]
=======
h3 9-Scenario repeat 3
 [1, 0, 2, 1, 0]
 [1, 1, 0, 1, 1]
 [-1, 0, 1, 1, 0]
 [1, 1, 0, 1, 1]
 [-1, 0, 2, 1, 1]
=======
h3 10-Scenario repeat 1
 [1, 0, 3, 1, 0]
 [1, 1, 0, 1, 1]
 [2, 0, 1, 1, 0]
 [1, 1, 0, 3, 1]
 [1, 0, 1, 1, 1]
=======
h3 10-Scenario repeat 2
 [1, 0, 1, 1, 0]
 [1, 1, 0, -1, 1]
 [1, 0, 3, 1, 0]
 [1, 1, 0, 1, 1]
 [2, 0, 2, 1, 1]
=======
h3 10-Scenario repeat 3
 [1, 0, 1, 1, 0]
 [1, 1, 0, 1, 1]
 [-1, 0, 3, 1, 0]
 [1, 1, 0, 2, 1]
 [-1, 0, 1, 1, 1]
=======
